 o     8.0   -1.70832290    4.85918308    0.12668317   15.99491464
 n     7.0    2.58839444    2.56902020   -0.22603576   14.00307401
 c     6.0    1.61686776    0.33076924   -0.11974377   12.00000000
 c     6.0   -1.14871970    0.27972041   -0.06060872   12.00000000
 c     6.0    3.14233081   -1.94883803   -0.06573649   12.00000000
 c     6.0   -2.31890650   -2.23110039   -0.05416938   12.00000000
 c     6.0    1.76517360   -4.43218106    0.02792131   12.00000000
 c     6.0   -0.71321950   -4.33655538    0.10427891   12.00000000
 c     6.0   -2.64642614    2.48019546   -0.00347637   12.00000000
 c     6.0    5.71360099   -1.64304933   -0.09168029   12.00000000
 c     6.0   -4.99597244   -2.43328493   -0.11759207   12.00000000
 c     6.0    5.03766182    2.87882984   -0.14944524   12.00000000
 c     6.0   -5.37631571    2.28601070    0.10884957   12.00000000
 c     6.0    6.61278476    0.90246704    0.38632069   12.00000000
 c     6.0   -6.33333893   -0.13659586    0.07142675   12.00000000
 h     1.0    2.67610932   -6.28950758    0.18761726    1.00782504
 h     1.0   -1.68186638   -5.97077877    0.21696277    1.00782504
 h     1.0    0.19403300    4.59324256    0.22004097    1.00782504
 h     1.0    6.87443719   -3.32476474    0.28243470    1.00782504
 h     1.0   -5.81159191   -4.18042969   -0.25744237    1.00782504
 h     1.0    5.48938353    4.56613537   -0.47154800    1.00782504
 h     1.0   -6.67742103    3.80749572    0.18909253    1.00782504
 h     1.0    8.61183419    1.24250032    0.41618111    1.00782504
 h     1.0   -7.98839333   -0.53734937   -0.07760131    1.00782504
